matricula
85775444
80273777
80547818
81501455
87276712
83790845
82035571
84296410
84539755
84780207
85262978
86276832
85780952
80546668
87271737
83299122
84128682
85614343
89214510
81080468
88900258
88933806
81361998
81800355
83301313
85058815
86854909
87065274
80861253
81328656
80857264
82781710
83304738
84230401
80529488
85061158
85646784
83195734
86897705
87109727
88957926
89053168
84167408
85617679
80128505
81077726
89201035
80833748
80112145
83285113
84197110
85062316
85624691
89604512
86909800
87059100
81060777
89075005
84211415
85628905
89586115
89004396
88869202